30
Lmost, Lmost1, Lmost2, Lmost3, Lmost4, Lmost5, Lmost6, Lmost7, Lmost8, Lmost9, Lmost10, Lmost11, Lmost12, Lmost13, Lmost14, Rmost14, Rmost13, Rmost12, Rmost11, Rmost10, Rmost9, Rmost8, Rmost7, Rmost6, Rmost5, Rmost4, Rmost3, Rmost2, Rmost1, Rmost, Symm
1,0,1,0,1,1,0,1,1,0,1,1,1,0,1,1,0,0,0,0,1,0,0,1,1,1,1,0,1,0,0
1,1,0,0,1,1,0,0,0,0,1,1,1,1,0,1,0,1,1,0,0,0,0,1,1,0,1,1,1,1,0
1,1,1,1,0,0,1,0,1,0,0,0,1,1,1,1,1,1,0,0,0,1,0,1,0,0,1,1,1,1,1
0,1,1,0,0,0,0,0,1,1,0,0,1,0,0,0,0,1,0,0,1,1,0,0,0,0,0,1,1,0,1
1,1,1,1,0,0,1,1,0,1,1,0,1,0,0,0,0,1,0,0,1,0,1,1,1,0,0,1,0,0,0
0,1,1,1,1,1,0,0,0,0,0,0,1,0,0,0,0,1,0,0,0,0,0,0,1,1,1,1,1,0,1
0,0,0,0,0,1,1,0,0,0,0,0,1,0,0,1,1,0,1,1,0,1,1,0,1,1,1,0,1,0,0
0,0,0,1,0,1,0,0,0,0,0,0,1,0,1,1,0,1,0,0,0,0,0,0,1,0,1,0,0,0,1
0,0,0,1,1,0,0,0,1,0,1,0,0,1,0,0,1,0,0,1,0,1,0,0,0,1,1,0,0,0,1
1,0,1,1,0,1,0,0,1,0,0,0,1,1,0,0,0,0,1,1,0,0,0,0,1,0,0,0,1,1,0
1,1,0,1,1,0,1,1,1,1,0,0,0,1,0,1,1,1,1,0,0,1,0,0,0,0,1,1,1,0,0
0,1,0,1,0,0,0,0,0,0,0,0,0,1,0,0,1,0,0,0,0,0,0,0,0,0,1,0,1,0,1
1,1,1,0,1,1,1,1,0,1,0,1,0,1,1,0,1,0,1,0,1,1,0,1,1,0,1,0,0,1,0
1,0,1,1,1,0,0,1,0,0,1,1,0,0,0,1,0,0,0,0,1,1,0,0,0,0,1,0,0,1,0
0,0,0,1,0,0,0,1,1,0,0,0,0,0,1,1,0,0,0,0,0,1,1,0,0,0,1,0,0,0,1
1,1,0,1,1,1,0,1,1,0,1,0,1,1,1,0,1,0,0,0,0,1,1,0,1,1,1,1,0,1,0
1,1,1,0,0,0,1,1,1,1,0,1,0,0,1,0,0,0,0,0,0,1,1,1,0,1,0,1,1,1,0
0,1,0,1,1,0,0,1,1,1,1,0,0,1,1,1,0,1,1,0,0,0,0,1,0,1,1,0,0,0,0
0,1,0,1,1,0,1,0,1,1,1,1,1,1,1,1,1,1,1,1,1,1,0,1,0,1,1,0,1,0,1
0,1,0,0,1,0,0,1,1,1,0,0,1,1,0,0,0,1,1,0,0,1,1,1,1,0,0,0,1,1,0
0,0,1,0,0,1,1,1,0,0,0,0,1,1,0,0,1,1,0,0,0,0,1,1,1,0,0,1,0,0,1
1,0,1,1,0,0,0,1,1,1,1,0,1,1,1,1,1,1,0,1,1,1,1,0,0,0,1,1,0,1,1
1,0,0,1,1,1,1,1,1,1,1,0,0,1,1,1,0,0,1,0,1,0,0,0,1,0,0,0,1,0,0
0,1,0,1,0,0,0,1,1,1,0,0,1,1,1,0,1,1,1,0,0,1,0,1,0,0,1,1,1,1,0
1,0,1,0,0,1,1,1,1,0,1,1,0,0,0,0,1,0,1,1,1,0,1,0,0,1,1,1,0,0,0
0,0,1,1,0,1,0,1,0,0,0,1,0,0,1,0,0,0,1,0,1,1,1,1,0,1,0,1,1,0,0
0,0,1,1,0,0,1,0,0,1,0,1,0,1,0,1,1,1,1,1,0,0,0,1,0,1,1,0,1,1,0
0,1,1,1,1,1,0,1,0,1,0,1,1,1,0,0,1,0,1,0,1,0,0,0,0,0,0,0,1,1,0
0,0,0,1,1,0,1,1,0,1,1,1,0,0,1,0,0,0,0,0,1,0,1,1,0,1,1,1,0,1,0
1,0,1,1,1,1,0,0,1,1,1,1,0,1,0,0,1,1,0,1,0,0,0,0,0,1,1,1,1,0,0
1,1,0,0,1,1,0,1,1,0,1,0,0,0,0,0,1,1,0,1,1,0,1,1,1,1,1,0,0,1,0
1,0,1,1,1,1,0,0,0,0,1,0,0,0,0,0,0,0,1,1,0,1,0,1,0,1,0,1,0,0,0
0,0,1,0,1,0,0,1,0,0,1,0,0,1,1,1,1,0,0,0,0,0,0,1,0,0,0,1,0,0,0
0,0,1,0,1,0,0,0,0,0,1,1,0,0,0,0,1,1,0,1,1,0,1,1,1,1,1,0,1,1,0
0,1,0,0,0,0,0,1,1,0,0,0,0,1,0,0,1,0,0,0,0,1,1,0,0,0,0,0,1,0,1
1,1,1,1,0,1,0,1,0,1,1,1,1,0,0,0,0,1,1,1,1,0,1,0,1,0,1,1,1,1,1
0,0,0,0,1,1,1,0,1,0,0,0,1,0,0,0,0,1,0,0,0,1,0,1,1,1,0,0,0,0,1
1,1,1,1,0,1,0,0,0,1,1,0,0,1,0,0,1,0,0,1,1,0,0,0,1,0,1,1,1,1,1
0,0,0,1,1,0,1,1,0,1,1,1,1,1,1,1,1,1,1,1,1,0,1,1,0,1,1,0,0,0,1
0,0,1,1,0,1,1,0,1,1,0,1,0,0,1,1,0,0,1,0,1,1,0,1,1,0,1,1,0,0,1
1,1,1,0,1,0,1,1,1,0,0,0,1,1,0,0,1,1,0,0,0,1,1,1,0,1,0,1,1,1,1
0,1,1,0,1,0,0,0,1,1,1,0,1,0,0,0,0,1,0,1,1,1,0,0,0,1,0,1,1,0,1
1,0,1,1,0,0,0,0,1,1,0,0,0,1,0,0,1,0,0,0,1,1,0,0,0,0,1,1,0,1,1
0,1,0,1,0,1,1,1,0,0,1,1,0,0,0,0,0,0,1,1,0,0,1,1,1,0,1,0,1,0,1
0,1,1,0,1,1,0,0,0,1,1,1,0,1,1,1,1,0,1,1,1,0,0,0,1,1,0,1,1,0,1
1,0,0,1,1,1,0,1,0,0,0,0,0,0,0,0,0,0,0,0,0,0,1,0,1,1,1,0,0,1,1
1,1,0,1,1,1,1,1,0,0,0,0,0,0,0,0,0,0,1,0,0,0,0,0,0,0,0,1,1,0,0
0,0,1,1,1,0,1,1,0,1,1,0,1,1,0,0,1,1,0,1,1,0,1,1,0,1,1,1,0,0,1
1,1,0,0,1,1,0,1,1,1,1,0,0,0,0,0,0,0,0,1,1,1,1,0,1,1,0,0,1,1,1
1,1,0,0,1,1,1,1,0,1,1,0,0,0,0,0,0,0,0,1,1,0,1,1,1,1,0,0,1,1,1
1,1,0,0,0,1,1,1,0,0,1,0,1,0,0,0,0,1,0,1,0,0,1,1,1,0,0,0,1,1,1
1,0,0,1,1,0,0,0,1,0,0,1,0,0,1,1,0,1,1,1,0,1,1,0,0,1,1,0,1,1,0
0,0,0,1,1,0,1,1,1,1,1,0,1,0,0,0,0,1,0,1,1,1,1,1,0,1,1,0,0,0,1
1,0,1,1,1,1,0,0,0,0,1,1,1,0,1,0,1,0,0,1,1,1,0,1,1,0,0,1,0,1,0
0,0,0,1,1,0,1,1,0,0,0,1,1,1,0,0,1,1,1,0,0,0,1,1,0,1,1,0,0,0,1
1,1,0,1,0,1,1,0,0,0,1,1,1,1,0,0,0,1,1,0,0,1,0,0,1,0,1,0,0,1,0
0,0,1,1,0,1,0,1,1,0,0,0,1,1,0,1,1,0,1,1,0,0,0,1,1,0,0,0,0,0,0
0,0,1,1,1,0,0,0,0,0,0,0,0,1,1,1,0,1,0,1,1,0,1,0,1,1,1,1,0,1,0
1,0,0,1,1,1,1,1,1,1,1,1,1,1,0,0,1,1,1,1,1,1,1,1,1,1,1,0,0,1,1
0,0,1,0,0,1,0,1,1,1,1,0,1,1,1,1,1,1,0,1,1,1,1,0,1,0,0,1,0,0,1
1,0,1,1,1,0,0,0,0,0,1,1,1,0,0,0,1,1,0,0,1,0,0,0,1,0,1,0,0,0,0
1,0,1,0,1,0,1,1,0,1,0,1,0,0,1,1,1,0,1,1,1,1,1,1,0,0,1,0,0,1,0
0,0,0,0,1,0,1,0,0,0,0,0,0,1,1,0,0,1,1,0,0,1,1,0,1,1,1,0,1,0,0
0,1,0,0,0,1,0,0,1,0,1,1,1,0,1,1,0,1,1,1,0,1,0,0,1,0,0,0,1,0,1
0,1,0,1,1,0,0,1,0,0,0,1,0,0,1,1,0,0,1,0,0,0,1,0,0,1,1,0,1,0,1
1,0,0,0,1,0,0,0,1,1,0,0,1,1,0,0,0,1,0,1,1,1,1,1,1,1,1,1,0,1,0
1,0,0,1,1,0,1,0,1,1,0,1,0,1,0,0,1,0,1,0,1,1,0,1,0,1,1,0,0,1,1
1,0,1,1,1,0,0,1,0,0,0,1,1,0,1,1,0,1,1,0,0,0,1,0,0,1,1,1,0,1,1
1,1,1,0,1,1,0,1,0,0,0,0,1,0,0,1,1,0,0,0,1,1,0,1,1,1,0,0,0,1,0
1,1,0,1,1,1,0,0,1,0,0,0,0,1,0,0,0,1,0,0,0,0,0,1,1,1,0,1,0,1,0
0,1,1,0,0,1,0,0,0,0,1,0,0,0,1,0,1,1,0,1,1,0,1,1,0,0,1,1,0,0,0
0,0,1,0,0,0,0,1,1,0,0,1,1,0,0,0,0,1,1,0,0,1,1,0,0,0,0,1,0,0,1
0,1,1,0,0,1,1,1,0,1,0,1,0,0,1,1,0,0,1,0,1,0,1,1,1,0,0,1,1,0,1
0,0,0,1,1,0,0,0,1,0,1,0,0,0,0,0,0,0,0,1,0,1,0,0,0,1,1,0,0,0,1
1,0,0,0,1,1,1,1,0,1,0,1,0,1,1,1,1,0,1,0,1,0,1,1,1,1,0,0,0,1,1
1,0,1,0,0,1,0,1,1,0,1,1,0,0,1,0,0,1,1,1,1,0,0,0,0,1,0,1,0,1,0
0,0,0,1,1,0,1,0,1,1,0,1,1,0,0,0,0,0,1,0,1,1,0,0,1,1,0,0,1,1,0
0,0,0,1,1,0,1,1,1,0,1,0,0,1,1,1,1,1,0,1,1,1,1,1,0,0,1,0,0,1,0
1,0,1,0,1,1,1,0,0,0,0,1,0,1,0,1,1,0,1,1,1,1,0,0,1,1,0,0,1,1,0
1,1,0,1,0,1,1,0,1,1,0,0,1,0,0,0,0,1,0,0,1,1,0,1,1,0,1,0,1,1,1
1,0,0,0,1,0,1,1,0,1,0,0,1,1,1,1,1,1,0,0,1,0,1,1,0,1,0,0,0,1,1
0,1,1,0,0,0,1,0,1,1,0,0,1,1,0,0,1,1,0,0,1,1,0,1,0,0,0,1,1,0,1
1,1,1,0,1,0,1,1,1,0,0,0,1,1,0,0,1,1,0,0,0,1,1,1,0,1,0,1,1,1,1
1,0,0,1,0,1,1,0,1,0,0,0,1,1,1,1,1,1,0,0,0,1,0,1,1,0,1,0,0,1,1
0,0,0,1,0,1,0,0,1,0,0,1,0,1,1,1,1,0,1,1,0,1,0,0,0,0,1,1,1,1,0
1,1,1,0,0,0,0,0,0,1,0,1,1,1,0,0,1,1,1,0,1,0,0,0,0,0,0,1,1,1,1
0,1,0,0,0,0,1,0,0,1,1,1,0,0,0,0,1,1,0,0,0,0,0,1,0,1,0,0,1,0,0
0,0,0,0,1,1,0,1,1,1,0,1,0,1,1,1,1,1,1,1,1,1,1,0,1,0,0,1,1,0,0
0,1,0,0,0,1,0,0,1,0,0,0,0,1,1,0,0,0,1,1,1,0,0,1,0,0,1,1,1,1,0
1,1,0,0,1,1,0,1,0,0,0,0,0,1,0,0,1,0,0,0,0,0,1,0,1,1,0,0,1,1,1
0,0,0,1,0,0,0,0,1,0,1,1,1,0,0,1,0,1,1,0,1,0,0,0,0,1,0,0,1,0,0
0,1,1,1,1,1,1,0,0,1,1,1,1,1,0,0,1,1,1,1,1,0,0,1,1,1,1,1,1,0,1
1,0,1,0,0,0,0,1,0,1,0,1,1,1,1,0,0,0,0,1,0,0,0,1,1,1,0,0,1,0,0
1,0,1,1,0,0,0,1,0,1,1,1,0,0,1,1,1,1,1,1,1,1,1,1,0,0,1,0,0,0,0
0,0,1,1,0,1,1,0,0,0,1,1,0,0,0,1,0,1,0,1,0,1,0,1,1,0,1,1,0,1,0
1,0,0,1,1,0,0,1,0,1,0,1,1,0,0,1,0,0,1,1,0,0,1,0,1,1,1,1,0,0,0
0,0,0,1,1,0,0,0,0,1,1,0,0,1,0,1,0,1,0,1,0,1,0,0,0,1,1,1,1,1,0
0,0,1,1,1,0,1,0,0,0,1,0,1,0,0,0,0,1,0,1,0,0,0,1,0,1,1,1,0,0,1
1,0,0,0,1,0,1,1,0,1,1,1,1,0,0,0,1,0,0,1,0,0,0,0,1,0,1,1,1,0,0
1,1,0,1,1,0,0,0,0,1,1,1,0,0,1,0,0,0,0,0,0,0,0,0,1,0,0,1,1,0,0